x=[1:2000]
y=[115.84432308214735, 127.82948966820085, 170.68802663692654, 170.54420493450655, 157.93020934983502, 151.78465924107738, 146.88732240450125, 143.22507494047662, 140.9807398194759, 138.5965083935394, 134.58860842665197, 130.55311809956868, 129.4573565405815, 125.01827656068978, 124.01190603022293, 120.27470258184367, 117.32625493856419, 118.00342542517969, 117.32392243814083, 117.03840362757619, 114.65968476934415, 112.27303178707392, 110.97588419597332, 109.6401773625219, 109.07582766502364, 107.82842936279778, 107.86222648735192, 107.57422598344313, 107.87988200214775, 106.85162423387919, 107.59711089083156, 107.62901739799241, 107.1075368359964, 107.35632847225611, 107.0092295200868, 106.38753560394471, 105.38483829503097, 105.20358573900002, 105.14783693353496, 104.68246380194353, 103.7490142611914, 103.43998761320847, 103.75523415384863, 104.1027930369303, 103.88148064773716, 104.17381242052079, 104.24176712051208, 103.5188944030067, 103.89111319495116, 104.89975480354191, 104.80359605030915, 103.62278991128125, 100.50765511753387, 98.98105842614613, 98.9327184779932, 98.34691530090939, 97.89852123840845, 97.28769189568953, 96.65335924501007, 96.08189278768751, 96.08485153000969, 96.16105497063549, 95.0477617409503, 94.69696612515679, 93.94374535296076, 94.8995935781616, 95.30182023877225, 93.86541490994634, 93.23170714834114, 93.43255615839418, 94.18615223823728, 94.76023204937447, 93.97231768631171, 94.73827810720206, 94.94957273091764, 95.1944712225996, 94.7069663967366, 94.01550058841518, 93.78630652482097, 94.60338010898127, 93.3257999885663, 92.97349477319051, 93.06591611445293, 92.70055508889651, 91.6103284614971, 91.34906230271592, 91.53900604239855, 91.91406106268418, 91.37761349426084, 91.69364029233073, 92.74248756168038, 92.78189407462892, 92.13389485221792, 92.09497604829832, 90.81723048246513, 89.72094058848384, 88.58319467065114, 89.45272682686127, 88.74284904161763, 87.92885632608886, 87.63786864924066, 88.53878877489383, 88.60824166993469, 88.64042059260855, 87.84909533960212, 88.18362224541328, 88.14980813746985, 89.20895126848474, 88.71612503705664, 89.0400492826124, 88.98753236893798, 88.94011319894098, 89.96828847051157, 90.8374453968919, 91.40809696265502, 90.82121045050273, 91.28369356405777, 91.27573671593673, 91.81577645890451, 91.72846351207181, 90.71886773330152, 90.43477895317872, 91.232326449166, 90.57958386867986, 90.08926369104537, 90.18826520467341, 90.6400328528292, 90.31292621013665, 90.25561372921891, 89.69818345430845, 89.8860592980177, 89.03840691082569, 88.49649649256851, 88.24320085809346, 89.26270608338822, 89.53588610596407, 89.39769004216973, 89.44825216709181, 89.77039362570461, 89.86175073095899, 88.71001994003257, 88.55385173848914, 88.16078186349563, 87.92156524117905, 89.13181717494477, 89.67268114515785, 90.37032862453239, 90.21311092617212, 90.54160449419766, 90.71738815755147, 90.9057471857678, 90.07438196811059, 89.70686170383313, 89.83815812974576, 89.99126256438915, 89.71109494986825, 90.71235920418438, 89.9084358855722, 90.57888976640925, 89.88629538664522, 89.70105209719173, 89.74826426311868, 89.82766274785908, 89.74188086818646, 90.27559045273665, 90.45761734855814, 90.22513642233169, 91.2222114425368, 90.13664730659615, 90.1297359693758, 91.9556425494481, 91.28912487666258, 91.37619342792439, 90.87449526399845, 91.05575769453479, 90.88799971369178, 90.32458155235196, 90.50365360421512, 90.632421801401, 90.46388023437562, 91.42843993182437, 92.3538787566245, 92.76437507200315, 92.99730279305055, 93.0958863134941, 92.85517031176451, 92.94685436043144, 91.80884786154179, 91.4536854075655, 90.80681660192522, 90.8810123698841, 90.2143383031486, 89.92886055977095, 89.55420352360724, 89.5989664530312, 88.70755302873035, 89.16382587676881, 88.64323146723613, 87.44483720833499, 86.15134703718164, 85.32589169377076, 85.71449144205636, 85.22177282486646, 84.8207829361224, 84.34213025830228, 84.00961382604066, 82.97381535550008, 82.59541035058895, 83.0052165085374, 83.83264364773078, 84.59893039677209, 84.12756238536464, 83.18470687939798, 83.86682860335193, 82.89968008278805, 82.0277478335014, 80.82858744531819, 80.62366949640428, 81.98823293860026, 81.83454100276724, 80.36892323979102, 81.24226986736052, 80.99217023783153, 80.88863335284061, 80.42681764451905, 80.35703319013129, 80.46106825795509, 80.65577086022648, 80.07241226679243, 80.50174570491694, 79.64141188132737, 79.18736191809316, 79.12746178905836, 78.78538265739721, 77.9387513103442, 78.07058505431661, 77.99956756157893, 77.76167086053468, 77.4717697267958, 78.18432814829875, 78.9892078884694, 79.70953546536494, 79.94165742191072, 79.48888797062219, 79.22944903585723, 79.000503553611, 78.25422318137969, 78.69136429923375, 79.76510131492755, 79.79921370141332, 79.92180311552447, 79.52691767737427, 79.73313682007705, 79.58539928999807, 80.19511919599974, 79.97597914806188, 79.94533232068068, 79.62642327677143, 78.92601788993505, 78.68046383182254, 78.61161203005007, 78.70578074992505, 78.89122731043439, 78.21494259202714, 78.30614985663223, 78.88806370776834, 79.43179437707944, 79.46910938589659, 79.12426138608548, 79.22245653339544, 79.83103463283099, 79.42139802550444, 79.51363764594899, 80.40412355073359, 81.04468865129785, 81.37199327831762, 80.48535666647099, 79.9574017235162, 80.50709893211878, 80.01934589090074, 80.28871771718033, 80.22171393838849, 80.18634171046699, 80.22206478611695, 80.18318422905743, 80.33954523981784, 79.69501731209274, 79.96248407503617, 80.05164137282304, 79.61615961097122, 79.69316665286928, 79.3353264996316, 79.33090065188031, 80.49293817516006, 80.01148667154015, 80.51339730243191, 80.24222377356347, 79.83782458968113, 78.92820902499635, 79.26792911825102, 79.74703323260208, 79.38913189157338, 79.54997430929699, 79.6648927372541, 79.28119930805478, 78.98027864772581, 79.46376680403534, 79.6184825739197, 79.48090497604422, 79.7852376507721, 79.30670869536094, 79.44515806519466, 79.4185747756019, 79.46665748926021, 79.82306399671033, 79.93418593424222, 80.2343046265656, 79.49500969643731, 79.508316580503, 79.55008809219584, 78.91395275757385, 78.98698262020598, 78.83550807654466, 77.90073383297357, 78.10169691372973, 77.5488738426016, 78.2474196392249, 78.81830346592393, 78.26683118850265, 77.74321658430979, 76.86226850680121, 76.13576446716601, 76.28663708477569, 76.36301928341653, 77.65273604197529, 77.70552043889612, 78.58393695533185, 78.66873372359365, 79.16584417689793, 78.59877809651995, 78.16563835517333, 78.3237393865882, 78.85556829297877, 78.17184035328648, 78.09081261505844, 78.07865874599496, 78.5010735142589, 78.59860470594512, 79.76734745839745, 79.45555150848733, 80.02214311324457, 80.2035657226909, 79.82141839466505, 79.70001932186712, 80.12274867437728, 80.48570447777851, 80.17548510297786, 79.88198499268847, 79.47464059089658, 78.97600293494524, 79.18113812373078, 79.70368193348084, 79.81462393798715, 79.81359277324103, 78.6422481603113, 78.96179509274162, 79.06566194562802, 79.26949799857178, 78.89731776750267, 77.93531542790409, 77.8242935611093, 77.63592129843666, 77.29639175634438, 78.57395164114635, 76.92125967725008, 78.17092086721202, 78.24851580383995, 78.70621117053211, 79.30792340406718, 79.99157131246663, 80.220784420759, 80.873664752392, 80.37338700534275, 80.55456490490016, 80.03535708891046, 80.12007791332903, 79.23686040438031, 78.72241282522398, 78.86958956506582, 78.85442287001713, 79.02534861481995, 78.83744505398636, 79.61214122429534, 78.62449483417146, 79.53605535060116, 80.51487002493474, 80.07606910359175, 79.8361142389006, 78.47371420436656, 79.66169826259792, 78.72974002427492, 79.14260148418262, 79.15794510889798, 78.79994464698801, 79.37434349906154, 79.67453129036427, 78.71877561769102, 79.47803844385557, 79.96957935274669, 79.3524718882438, 78.30195119863973, 77.48516063563427, 77.30688769338298, 76.99250015906848, 76.74794214396127, 76.50409342189036, 76.5975673535138, 76.56348013904812, 76.1798473835827, 76.62897095827569, 77.4691637072293, 